city	habitat	tp_mean	tw_mean	tp_sd	tw_sd	taj	taj_sd	nSites
Albuquerque	r	0.026989322994262155	0.03200117318751521	0.0013754307003087114	0.0010143774107154054	-0.5396303125	0.06615947680034835	1014098
Albuquerque	u	0.028976774703046965	0.03454662284531055	0.0013304794407509777	9.070059083111842e-4	-0.556195625	0.0706663532136523	805367
Antwerp	r	0.03431930474881819	0.042836308774094896	0.00181335055799766	0.0014501992919016419	-0.682612625	0.08142041237255351	274252
Antwerp	u	0.028560766376866817	0.03414765460380331	0.0013437692978663734	9.041315542178919e-4	-0.56237125	0.06983063779507293	925024
Armidale	r	0.028961602712083014	0.03372372770724583	0.0013611440964668986	9.864637366756546e-4	-0.48635275	0.06743948594653827	966853
Armidale	u	0.033982632031573125	0.041052128550612424	0.003436243092309798	0.0027046818130077106	-0.5976880625	0.13437001213935038	162945
Athens	r	0.029538413110420776	0.03440284631990816	0.001674239081160594	0.0011017586232653215	-0.48871431249999997	0.08225448161060385	660506
Athens	u	0.027686955835349837	0.032347788755216315	0.0014167349985516639	9.469668492918373e-4	-0.4987145	0.0703489753633034	1148105
Buenos_Aires	r	0.024751772692258374	0.028518358555617945	9.369085396677119e-4	8.321895160497493e-4	-0.4688783125	0.043777664188820835	1565283
Buenos_Aires	u	0.024366687750573393	0.0276430626470464	0.0010824470167732775	8.364573275496066e-4	-0.412692875	0.05280508811831804	1529466
Calgary	r	0.02600059688759222	0.03087428079811936	0.0011646100833380738	8.317991304542719e-4	-0.543655	0.06107214052468331	1918361
Calgary	u	0.022974989310575046	0.026816627213520138	9.680398890121568e-4	8.181450734117277e-4	-0.4973505	0.04388046265025016	3225949
Cape_Town	r	0.029378235908616965	0.034732677988604264	0.001536439358587413	0.001204571189301183	-0.535271875	0.06996046137438393	558571
Cape_Town	u	0.022195350602670666	0.026998563648668455	8.915798703172071e-4	6.651307926273915e-4	-0.6175471875	0.05034675520192438	3157154
Christchurch	r	0.02641199407725076	0.03148593468441542	0.0012271662172436363	9.53411756561521e-4	-0.55388	0.059998592186817176	1272358
Christchurch	u	0.028556214924603515	0.033821789854336905	0.0014457045026869883	0.0010195383325704015	-0.535271875	0.07509920979422265	1019560
Kunming	r	0.022216684876301903	0.020374956057356113	0.0010447383096646341	7.522115041894712e-4	0.3176073125	0.05574478820208965	2563324
Kunming	u	0.023616796343841253	0.0226528589848097	0.0011712105831604377	7.978255310997934e-4	0.14812375	0.06522343807916496	2102359
Landshut	r	0.02489212253457482	0.026192362728902803	0.0012070347013341661	8.710002714388503e-4	-0.1718104375	0.06632415372091703	2002804
Landshut	u	0.027622860511247523	0.02958616083528182	0.001380523419617503	0.0010156805467565512	-0.22929375	0.06868126873755319	1249833
Linkoping	r	0.0352031395267786	0.03958853261353925	0.0025289543020832936	0.001715922452538745	-0.382860375	0.11980581850025761	258017
Linkoping	u	0.033402621941828664	0.036510842666258196	0.0031766694284858293	0.0021881594208048253	-0.2973729375	0.15511840557435203	181553
Loja	r	0.02225706247471094	0.021603583283436246	9.448283288641582e-4	7.315814594469983e-4	0.109581375	0.04619920073316565	2928570
Loja	u	0.022501250300608802	0.02193498669432167	0.0010677007937426007	7.730304657008395e-4	0.091527375	0.05965219271284167	2778376
Memphis	r	0.01954426034113336	0.019375611273423965	8.099654376567709e-4	6.54657875733263e-4	0.032187125	0.040701668751825563	4313641
Memphis	u	0.02116295818278807	0.020811043618910365	9.978605646478842e-4	7.350124855179717e-4	0.057231125	0.05852971155105755	2685159
Mexico_City	r	0.03016142835392669	0.04124636522419708	0.04460627561076199	0.06528572943575062	-0.451495625	0.6714368711708468	884
Mexico_City	u	0.02122119897425961	0.0227985704594142	8.332982240561303e-4	6.848188082273924e-4	-0.2395149375	0.04089580876890076	4024499
Munich	r	0.024731563601745183	0.027381445827137182	0.0011809939014119906	9.786892893695759e-4	-0.335600125	0.056870192656464015	2030036
Munich	u	0.02474829272117475	0.027692502086946288	0.0011645161276400884	9.128502106679875e-4	-0.3679384375	0.058994241260164546	1772861
Palmerston_North	r	0.027418208242560124	0.028553790997115552	0.001571716120894338	0.0010619152058568722	-0.140842625	0.08869782768769856	889661
Palmerston_North	u	0.021800084668764184	0.02244906706605502	9.590626923908339e-4	7.852003266127555e-4	-0.1008361875	0.04169428650102033	3314601
Punta_Arenas	r	0.0212587515745293	0.021733997733456575	0.001031802616760661	7.813972546151693e-4	-0.07778499999999999	0.05428791654011661	3401894
Punta_Arenas	u	0.021981603033702002	0.0223839587976236	0.001001660755575985	7.672866952277517e-4	-0.06506625	0.04910032095957554	2949970
Quito	r	0.023890407833358062	0.026083629812981374	0.0010325810778240164	7.93523026078665e-4	-0.315912875	0.05711260341918118	2973994
Quito	u	0.023185920199512187	0.022925397187920266	0.0010528835882127417	8.131375139351784e-4	0.0430245625	0.05099810039333982	2115248
Sapporo	r	0.024941836243453287	0.0269003590387672	0.001100547242756969	9.031456197553995e-4	-0.2531395	0.05063720711887653	1771654
Sapporo	u	0.024279719830782066	0.025175041216652944	0.0010834226828076918	9.484182701870836e-4	-0.1236013125	0.03867352519182212	2096191
Tehran	r	0.021646478803951548	0.02154207303565088	8.954441006948225e-4	6.820477182211971e-4	0.016295999999999998	0.05874597304893899	3489475
Tehran	u	0.023881621172609148	0.02261002178643159	9.699125610630716e-4	7.120886441846942e-4	0.19483075	0.06608944348633398	1860564
Thessaloniki	r	0.02367304085067283	0.02555338474110294	0.0010028258500039814	8.474097096149155e-4	-0.2541669375	0.04291284202111493	2794891
Thessaloniki	u	0.024906239036908667	0.026985237298567766	0.0010080124352284702	7.483184117294158e-4	-0.2657478125	0.045574879322156925	2009283
Toronto	r	0.02029400574573906	0.020917433170605397	7.863861128461118e-4	6.912974695713199e-4	-0.1042858125	0.03035331074137548	7788243
Toronto	u	0.020336735790533658	0.020311699298169405	7.550555721958557e-4	6.810154347845855e-4	0.0040164375	0.03130163626813301	8002873
Vancouver	r	0.024015636563583388	0.025356703591477573	0.0011549912822073007	9.03669916227362e-4	-0.1844910625	0.048229421490025154	2711100
Vancouver	u	0.027524815546597754	0.028495823279038365	0.00127712416238821	0.0011016725864846802	-0.1184045625	0.053507886360758386	723522
Warsaw	r	0.02492454582157224	0.02609304635606708	0.0012404515601580444	9.531980416950998e-4	-0.1606225	0.051963699556517334	1728652
Warsaw	u	0.025949229601143434	0.02730448169889094	0.0015258461051435312	9.974904110321126e-4	-0.1748734375	0.07941180164431376	1566429
